Total time: 0.025740 s

Risultati finali:
Cluster 1:
Mean: -2.491596 9.037083 4.651193 2.005966 
Covariance Matrix:
0.248724 0.006678 0.019206 -0.004963 
0.006678 0.258717 -0.004916 -0.014594 
0.019206 -0.004916 0.215441 -0.005763 
-0.004963 -0.014594 -0.005763 0.254951 
Weight: 0.500000
Cluster 2:
Mean: -6.906114 -6.873869 -8.821508 7.316487 
Covariance Matrix:
0.255877 0.009549 -0.005568 -0.006137 
0.009549 0.246810 -0.025058 -0.016144 
-0.005568 -0.025058 0.250078 0.009474 
-0.006137 -0.016144 0.009474 0.256014 
Weight: 0.500000
