Numero di blocchi: 40
Numero di thread per blocco: 256
Numero totale di thread: 10000
Numero di dati per thread: 100
Numero di SMs: 40
Total time: 14.961578 s

Risultati finali:
Cluster 1:
Mean: 2.260209 -6.798666 -3.955778 -2.672575 -0.810730 5.512908 -5.967347 0.400530 1.925298 -8.965716 
Covariance Matrix:
0.222447 0.012114 -0.004383 0.015694 -0.005251 -0.006217 0.005772 0.001524 -0.002391 0.008168 
0.012114 0.188622 -0.020905 -0.016848 -0.003130 0.026541 -0.008812 -0.006741 -0.006348 -0.026268 
-0.004383 -0.020905 0.219981 0.006629 -0.010188 0.019114 0.001160 -0.000196 -0.006488 -0.016527 
0.015694 -0.016848 0.006629 0.221480 0.003968 0.008873 -0.002899 0.000683 0.003138 -0.010823 
-0.005251 -0.003130 -0.010188 0.003968 0.237030 0.004412 0.000915 0.000677 0.000887 -0.000383 
-0.006217 0.026541 0.019114 0.008873 0.004412 0.222182 0.003351 -0.000968 0.003667 0.016062 
0.005772 -0.008812 0.001160 -0.002899 0.000915 0.003351 0.242804 -0.000015 0.004729 -0.005942 
0.001524 -0.006741 -0.000196 0.000683 0.000677 -0.000968 -0.000015 0.240267 -0.000774 -0.003114 
-0.002391 -0.006348 -0.006488 0.003138 0.000887 0.003667 0.004729 -0.000774 0.244087 -0.000248 
0.008168 -0.026268 -0.016527 -0.010823 -0.000383 0.016062 -0.005942 -0.003114 -0.000248 0.220500 
Weight: 0.010399
Cluster 2:
Mean: 2.286891 -7.065772 -3.910718 -2.639560 -0.878547 5.533225 -6.130340 0.201850 2.000202 -8.985415 
Covariance Matrix:
0.243325 -0.003982 -0.002095 -0.001395 0.001697 0.001536 0.000638 0.001730 -0.001123 -0.002631 
-0.003982 0.219063 -0.021964 0.000601 -0.005630 0.016565 0.000096 -0.003063 -0.008096 -0.016784 
-0.002095 -0.021964 0.216868 0.000782 -0.007260 0.021874 0.003296 0.003264 -0.009460 -0.022771 
-0.001395 0.000601 0.000782 0.243239 0.000660 -0.000128 0.000578 0.001435 0.000058 0.000304 
0.001697 -0.005630 -0.007260 0.000660 0.238513 0.005537 -0.001027 -0.000073 0.000611 -0.005037 
0.001536 0.016565 0.021874 -0.000128 0.005537 0.225800 -0.001082 -0.000729 0.004567 0.011883 
0.000638 0.000096 0.003296 0.000578 -0.001027 -0.001082 0.244416 -0.000443 0.003105 -0.000429 
0.001730 -0.003063 0.003264 0.001435 -0.000073 -0.000729 -0.000443 0.243967 0.000531 0.002419 
-0.001123 -0.008096 -0.009460 0.000058 0.000611 0.004567 0.003105 0.000531 0.241727 -0.001495 
-0.002631 -0.016784 -0.022771 0.000304 -0.005037 0.011883 -0.000429 0.002419 -0.001495 0.226423 
Weight: 0.015298
Cluster 3:
Mean: -6.988403 -0.375187 -8.864752 7.430482 -4.538681 3.306966 -3.986776 0.312402 1.136529 -6.489308 
Covariance Matrix:
5.918272 -4.084436 3.029160 -6.310011 2.306305 1.399236 -1.293455 -0.073973 0.528294 -1.556872 
-4.084436 3.195046 -2.182384 4.550608 -1.664435 -1.008105 0.933681 0.053607 -0.381971 1.125331 
3.029160 -2.182384 1.871300 -3.372960 1.233473 0.746837 -0.688909 -0.039507 0.281866 -0.830131 
-6.310011 4.550609 -3.372960 7.274550 -2.568978 -1.558652 1.441146 0.081732 -0.588626 1.735201 
2.306305 -1.664435 1.233473 -2.568978 1.190581 0.569604 -0.526615 -0.031224 0.215031 -0.633814 
1.399236 -1.008105 0.746837 -1.558652 0.569604 0.595312 -0.321965 -0.018822 0.131432 -0.384972 
-1.293455 0.933681 -0.688909 1.441147 -0.526615 -0.321965 0.547819 0.014765 -0.121745 0.356637 
-0.073973 0.053607 -0.039507 0.081732 -0.031224 -0.018822 0.014765 0.253404 -0.008065 0.018742 
0.528294 -0.381971 0.281866 -0.588626 0.215031 0.131432 -0.121745 -0.008065 0.299131 -0.147228 
-1.556872 1.125331 -0.830131 1.735201 -0.633814 -0.384972 0.356637 0.018742 -0.147228 0.681205 
Weight: 0.000307
Cluster 4:
Mean: -2.961908 -3.454292 -6.906393 3.087592 -2.974541 4.411592 -4.810422 0.348397 1.355240 -7.606346 
Covariance Matrix:
24.102072 -17.412727 12.479630 -26.471264 9.600151 6.039515 -5.434996 -0.284835 2.186282 -6.780271 
-17.412727 12.957688 -9.113437 19.324308 -7.009604 -4.406382 3.969679 0.206928 -1.597486 4.948949 
12.479630 -9.113437 6.778592 -13.852199 5.023232 3.161562 -2.843623 -0.149087 1.142356 -3.548493 
-26.471264 19.324308 -13.852200 29.629139 -10.654894 -6.701758 6.032772 0.315723 -2.426394 7.525304 
9.600151 -7.009603 5.023232 -10.654894 4.114532 2.431276 -2.188155 -0.114995 0.880075 -2.728648 
6.039515 -4.406382 3.161562 -6.701758 2.431276 1.777914 -1.377730 -0.072316 0.553850 -1.715647 
-5.434996 3.969679 -2.843623 6.032773 -2.188155 -1.377730 1.488843 0.064256 -0.498281 1.545883 
-0.284835 0.206928 -0.149087 0.315723 -0.114995 -0.072316 0.064256 0.253841 -0.026035 0.079834 
2.186282 -1.597486 1.142356 -2.426394 0.880075 0.553850 -0.498281 -0.026035 0.450003 -0.623021 
-6.780271 4.948949 -3.548493 7.525303 -2.728648 -1.715647 1.545883 0.079834 -0.623021 2.178077 
Weight: 0.371387
Cluster 5:
Mean: -7.548893 0.075260 -9.305902 8.082069 -4.783164 3.175494 -3.756839 0.322783 0.947900 -6.233302 
Covariance Matrix:
0.251531 0.005107 0.000040 0.002378 -0.001374 -0.000773 0.001748 -0.000998 -0.000761 0.002820 
0.005107 0.253602 0.006759 -0.002717 0.001404 -0.000858 -0.000357 0.000334 0.000715 0.003468 
0.000040 0.006759 0.259520 -0.000815 0.002432 -0.005623 0.002323 -0.000462 -0.000167 0.006698 
0.002378 -0.002717 -0.000815 0.247156 0.001421 -0.000352 -0.000842 -0.000997 0.000313 -0.002272 
-0.001374 0.001404 0.002432 0.001421 0.252736 -0.002162 0.000545 0.000098 0.000663 0.002764 
-0.000773 -0.000858 -0.005623 -0.000352 -0.002162 0.254671 -0.002009 0.000144 -0.000232 -0.000809 
0.001748 -0.000357 0.002323 -0.000842 0.000545 -0.002009 0.252687 -0.001174 -0.000656 -0.000079 
-0.000998 0.000334 -0.000462 -0.000997 0.000098 0.000144 -0.001174 0.253571 -0.001915 -0.001286 
-0.000761 0.000715 -0.000167 0.000313 0.000663 -0.000232 -0.000656 -0.001915 0.251160 -0.001376 
0.002820 0.003468 0.006698 -0.002272 0.002764 -0.000809 -0.000079 -0.001286 -0.001376 0.257208 
Weight: 0.002785
