Weights:
0.006526 0.010598 0.000201 0.381946 0.000729 
Responsibilities:
0.000000 0.000000 0.000000 0.000000 0.000000 
0.000000 0.000000 0.000000 0.000000 0.000000 
0.030769 0.053846 0.000000 0.915385 0.000000 
0.034483 0.051724 0.000000 0.913793 0.000000 
0.000000 0.000000 0.000000 0.000000 0.000000 
0.000000 0.000000 0.000000 0.000000 0.000000 
0.000000 0.000000 0.000000 0.000000 0.000000 
0.000000 0.000000 0.000000 0.000000 0.000000 
0.000008 0.000282 0.001066 0.994736 0.003908 
0.000000 0.000131 0.000944 0.995542 0.003383 

Means:
2.209713 -6.869172 -3.994755 -2.880204 -1.173258 5.198408 -5.712268 0.431137 1.724644 -9.011645 
2.166859 -6.856482 -3.971874 -2.843629 -1.194832 5.213241 -5.694794 0.431407 1.712039 -8.988495 
-7.713679 -0.321479 -9.189775 7.925940 -4.884730 4.195243 -4.212365 0.175572 1.151687 -6.725480 
-2.981480 -3.454088 -6.706043 2.763707 -3.121907 4.677287 -4.924843 0.300393 1.428099 -7.821105 
-7.706968 -0.324281 -9.182710 7.920566 -4.880414 4.197079 -4.212959 0.174872 1.149641 -6.723395 
Weights:
0.177868 0.018627 0.042651 0.006332 0.154522 
Responsibilities:
0.000000 0.000000 0.000000 0.000000 0.000000 
0.000000 0.000000 0.000000 0.000000 0.000000 
0.882097 0.099563 0.000000 0.018340 0.000000 
0.896580 0.086707 0.000000 0.016713 0.000000 
0.000000 0.000000 0.000000 0.000000 0.000000 
0.000000 0.000000 0.000000 0.000000 0.000000 
0.000000 0.000000 0.000000 0.000000 0.000000 
0.000000 0.000000 0.000000 0.000000 0.000000 
0.000000 0.000000 0.211516 0.013186 0.775297 
0.000000 0.000000 0.214997 0.015079 0.769923 

Means:
2.207054 -6.877439 -3.967584 -2.883858 -1.177903 5.210243 -5.704905 0.432003 1.718218 -9.002844 
2.200944 -6.889235 -3.925533 -2.887535 -1.185935 5.228796 -5.692958 0.433308 1.707901 -8.988418 
-7.753921 -0.304673 -9.232137 7.958170 -4.910616 4.184237 -4.208803 0.179769 1.163954 -6.737980 
-2.257298 -3.941548 -6.317405 1.966905 -2.857221 4.755291 -5.031006 0.321520 1.471441 -7.990933 
-7.747107 -0.307518 -9.224963 7.952713 -4.906232 4.186100 -4.209405 0.179058 1.161877 -6.735863 
Total time: 0.012673 s

Risultati finali:
Cluster 1:
Mean: 2.207054 -6.877439 -3.967584 -2.883858 -1.177903 5.210243 -5.704905 0.432003 1.718218 -9.002844 
Covariance Matrix:
0.006370 0.012106 -0.043153 0.003773 0.008243 -0.019038 -0.012259 -0.001340 0.010588 -0.014804 
0.012106 0.023472 -0.083314 0.007285 0.015914 -0.036757 -0.023668 -0.002587 0.020442 -0.028582 
-0.043153 -0.083314 0.297091 -0.025968 -0.056727 0.131028 0.084369 0.009223 -0.072870 0.101886 
0.003773 0.007285 -0.025968 0.002371 0.004960 -0.011457 -0.007377 -0.000806 0.006372 -0.008909 
0.008243 0.015914 -0.056727 0.004960 0.010935 -0.025027 -0.016115 -0.001762 0.013919 -0.019461 
-0.019038 -0.036757 0.131028 -0.011457 -0.025027 0.057907 0.037222 0.004069 -0.032149 0.044950 
-0.012259 -0.023668 0.084369 -0.007377 -0.016115 0.037222 0.024068 0.002620 -0.020701 0.028944 
-0.001340 -0.002587 0.009223 -0.000806 -0.001762 0.004069 0.002620 0.000386 -0.002263 0.003164 
0.010588 0.020442 -0.072870 0.006372 0.013919 -0.032149 -0.020701 -0.002263 0.017979 -0.024999 
-0.014804 -0.028582 0.101886 -0.008909 -0.019461 0.044950 0.028944 0.003164 -0.024999 0.035053 
Weight: 0.177868
Cluster 2:
Mean: 2.200944 -6.889235 -3.925533 -2.887535 -1.185935 5.228796 -5.692958 0.433308 1.707901 -8.988418 
Covariance Matrix:
0.006341 0.012049 -0.042950 0.003755 0.008204 -0.018949 -0.012201 -0.001334 0.010538 -0.014735 
0.012049 0.023362 -0.082922 0.007250 0.015839 -0.036584 -0.023557 -0.002575 0.020346 -0.028447 
-0.042950 -0.082922 0.295696 -0.025846 -0.056461 0.130412 0.083973 0.009179 -0.072528 0.101407 
0.003755 0.007250 -0.025846 0.002360 0.004937 -0.011403 -0.007342 -0.000803 0.006342 -0.008867 
0.008204 0.015839 -0.056461 0.004937 0.010884 -0.024910 -0.016039 -0.001753 0.013853 -0.019370 
-0.018949 -0.036584 0.130412 -0.011403 -0.024910 0.057636 0.037048 0.004050 -0.031998 0.044739 
-0.012201 -0.023557 0.083973 -0.007342 -0.016039 0.037048 0.023955 0.002608 -0.020604 0.028808 
-0.001334 -0.002575 0.009179 -0.000803 -0.001753 0.004050 0.002608 0.000385 -0.002252 0.003149 
0.010538 0.020346 -0.072528 0.006342 0.013853 -0.031998 -0.020604 -0.002252 0.017895 -0.024881 
-0.014735 -0.028447 0.101407 -0.008867 -0.019370 0.044739 0.028808 0.003149 -0.024881 0.034889 
Weight: 0.018627
Cluster 3:
Mean: -7.753921 -0.304673 -9.232137 7.958170 -4.910616 4.184237 -4.208803 0.179769 1.163954 -6.737980 
Covariance Matrix:
0.342798 -0.143119 0.360758 -0.274464 0.220439 0.093738 -0.030335 -0.035743 -0.104472 0.106451 
-0.143119 0.059870 -0.150662 0.114623 -0.092061 -0.039147 0.012669 0.014927 0.043630 -0.044456 
0.360758 -0.150662 0.379869 -0.288928 0.232055 0.098678 -0.031934 -0.037627 -0.109977 0.112060 
-0.274464 0.114623 -0.288928 0.219916 -0.176547 -0.075074 0.024295 0.028626 0.083670 -0.085255 
0.220439 -0.092061 0.232055 -0.176547 0.141896 0.060296 -0.019513 -0.022991 -0.067201 0.068474 
0.093738 -0.039147 0.098678 -0.075074 0.060296 0.025740 -0.008298 -0.009777 -0.028576 0.029117 
-0.030335 0.012669 -0.031934 0.024295 -0.019513 -0.008298 0.002785 0.003164 0.009248 -0.009423 
-0.035743 0.014927 -0.037627 0.028626 -0.022991 -0.009777 0.003164 0.003828 0.010896 -0.011103 
-0.104472 0.043630 -0.109977 0.083670 -0.067201 -0.028576 0.009248 0.010896 0.031948 -0.032451 
0.106451 -0.044456 0.112060 -0.085255 0.068474 0.029117 -0.009423 -0.011103 -0.032451 0.033166 
Weight: 0.042651
Cluster 4:
Mean: -2.257298 -3.941548 -6.317405 1.966905 -2.857221 4.755291 -5.031006 0.321520 1.471441 -7.990933 
Covariance Matrix:
24.824556 -16.341635 13.297956 -26.964123 9.359512 2.620072 -3.700901 0.599569 1.284003 -5.501376 
-16.341637 10.789721 -8.801356 17.775837 -6.143005 -1.746753 2.422287 -0.401568 -0.843723 3.621947 
13.297956 -8.801356 7.354977 -14.464933 5.010668 1.497510 -1.931316 0.317131 0.617571 -2.849934 
-26.964123 17.775837 -14.464932 29.310677 -10.149090 -2.856942 4.011966 -0.658260 -1.400694 5.986315 
9.359512 -6.143005 5.010668 -10.149090 3.542814 0.984474 -1.398747 0.220037 0.474877 -2.059409 
2.620072 -1.746753 1.497510 -2.856942 0.984474 0.315133 -0.369401 0.062571 0.108552 -0.543692 
-3.700901 2.422287 -1.931316 4.011967 -1.398747 -0.369401 0.563698 -0.089085 -0.204958 0.838463 
0.599569 -0.401568 0.317131 -0.658260 0.220037 0.062571 -0.089085 0.017307 0.036679 -0.141582 
1.284003 -0.843723 0.617571 -1.400694 0.474877 0.108552 -0.204958 0.036679 0.095255 -0.325730 
-5.501376 3.621947 -2.849934 5.986315 -2.059409 -0.543692 0.838463 -0.141582 -0.325730 1.278485 
Weight: 0.006332
Cluster 5:
Mean: -7.747107 -0.307518 -9.224963 7.952713 -4.906232 4.186100 -4.209405 0.179058 1.161877 -6.735863 
Covariance Matrix:
0.342817 -0.143127 0.360778 -0.274479 0.220451 0.093743 -0.030337 -0.035745 -0.104477 0.106456 
-0.143127 0.059873 -0.150670 0.114629 -0.092066 -0.039149 0.012669 0.014928 0.043632 -0.044459 
0.360778 -0.150670 0.379890 -0.288944 0.232068 0.098683 -0.031935 -0.037629 -0.109983 0.112066 
-0.274479 0.114629 -0.288944 0.219928 -0.176557 -0.075078 0.024296 0.028628 0.083675 -0.085260 
0.220451 -0.092066 0.232068 -0.176557 0.141903 0.060300 -0.019514 -0.022993 -0.067204 0.068477 
0.093743 -0.039149 0.098683 -0.075078 0.060300 0.025741 -0.008298 -0.009777 -0.028578 0.029119 
-0.030337 0.012669 -0.031935 0.024296 -0.019514 -0.008298 0.002785 0.003164 0.009248 -0.009423 
-0.035745 0.014928 -0.037629 0.028628 -0.022993 -0.009777 0.003164 0.003828 0.010897 -0.011103 
-0.104477 0.043632 -0.109983 0.083675 -0.067204 -0.028578 0.009248 0.010897 0.031950 -0.032453 
0.106456 -0.044459 0.112066 -0.085260 0.068477 0.029119 -0.009423 -0.011103 -0.032453 0.033168 
Weight: 0.154522
